1344888201299652609	1139410460493541381	2106	6727	0	74	
1344888205481553920	911277782474293248	2736	12067	0	59	
1344888205485735936	1114633261823799297	2174	1470	0	78	
1344888218093834240	225797467	5212	188767	0	31	
1344888226457161730	342460807	4986	24068	0	72	
1344888230647271426	1206915300496564224	1920	1061	0	125	
1344888239065243649	269442830	5113	6676	0	63	
1344888239069360131	1291993491497598976	1685	1519	0	59	
1344888243259465729	937999581983531008	2662	1074	3	90	
1344888255817269250	1220145964855332865	1883	416	0	104	
1344888260015710209	2881675922	3795	20895	0	104	
1344888272615518209	401730666	4889	102591	0	59	
1344888272623869952	1031913199	4469	99823	0	102	
1344888272586158080	500743574	4774	7070	0	139	
1344888293570199552	1022481486333632512	2429	3970	0	76	
1344888297777102850	1255784369119047681	1785	19148	0	86	
1344888297772863488	841798543	4561	13765	0	139	
1344888301950435332	397833106	4895	1625	0	125	
1344888306140663809	2453319961	3988	88336	0	95	
1344888310351556609	1320692585724141575	1606	988	0	76	
1344888310338965504	1289915912129335296	1691	11058	2	139	
1344888318744358913	3579881238	3473	81397	10	140	
1344888322955636737	2547183865	3941	18635	0	140	
1344888331306377216	59008461	5720	17564	0	139	
1344888339711860736	4597705033	3379	12328	0	130	
1344888348096090112	1010027940	4479	45716	0	130	
1344888352282005505	1197874922510409728	1945	315	0	61	
1344888356476497920	875473277220773888	2834	39300	0	87	
1344888373270474752	3973991135	3443	130889	0	102	
1344888381642321920	34337137	5811	5952	0	63	
1344888385836523522	1944521316	4182	1113	0	67	
1344888385865830402	1084675472019976192	2257	4154	0	140	
1344888390064324614	950000511817695232	2629	6391	0	76	
1344888394242011136	828485330290499584	2964	420	0	130	
1344888411019067392	1274343949046431745	1734	1749	1	107	
1344888411006464003	1216658695	4406	16137	0	68	
1344888411006636033	1308245330014674944	1640	11400	0	140	
1344888415213424640	250102770	5152	313	0	76	
1344888419390902273	4916628460	3320	16499	0	42	
1344888423606349828	996091999894822912	2502	5193	0	72	
1344888431969665024	1125791622803836929	2144	12741	0	85	
1344888440387616768	862319374975213569	2871	29071	0	68	
1344888440383422464	1215225484264345601	1897	78602	0	140	
1344888448759390208	839883582944403456	2933	353835	0	104	
1344888452962250753	2616031244	3905	2903	0	82	
1344888457160626178	1155506270620676096	2062	3461	0	135	
1344888461363474432	720372631090769921	3262	1065	1	40	
1344888461329903616	183978330	5318	327	0	102	
1344888465536610304	2149461768	4167	0	0	26	
1344888473916854272	16448944	6020	19151	0	63	
1344888482322329600	1156254956942516224	2060	165774	0	76	
1344888486512500736	1312532677564694529	1628	3647	0	23	
1344888486524977157	1379010823	4347	33878	0	140	
1344888490719281152	1161119379146174464	2046	5469	0	140	
1344888494888370183	1118730818526908417	2163	4174	0	59	
1344888499103645697	99947907	5561	260	0	102	
1344888499112206336	1073996360582684672	2287	235	0	125	
1344888499116261376	1275749404134146049	1730	93284	0	95	
1344888499107893249	713962741589872645	3280	1012	1	107	
1344888511665561601	1267809901461422080	1752	2352	1	140	
1344888515881000961	2282970909	4082	18949	2	128	
1344888520054169600	1099014201652195330	2218	10765	0	139	
1344888545228439578	1154749655781036033	2064	2384	0	76	
1344888557802930178	1188272523613360128	1971	53057	0	67	
1344888562014011393	1277436127708712961	1725	2469	0	135	
1344888566200098817	4704732313	3363	44780	0	139	
1344888570390208513	179822642	5328	158429	0	140	
1344888574580117504	49871517	5749	41191	0	23	
1344888574597091328	2918019432	3759	62223	0	104	
1344888574580285441	847813451481264129	2911	98081	1	90	
1344888574605463552	160346441	5379	181714	0	91	
1344888578803953670	1532532936	4291	40482	0	92	
1344888587184087041	1330099302291660804	1580	423	0	117	
1344888591353311233	153578857	5398	131175	0	59	
1344888599750307840	1261685474328018946	1769	3165	0	140	
1344888599754534914	1206302885144907776	1921	1104	0	140	
1344888599758692353	701803138047725568	3314	1814	0	104	
1344888599754358785	1564360914	4278	2762	0	59	
1344888612337328130	564720643	4710	81304	2	128	
1344888616519151617	701276662835638273	3315	19020	0	112	
1344888624928718849	2148979706	4167	5462	0	23	
1344888629131284481	1220997139	4405	22	1	90	
1344888645900144640	1255903826621562880	1785	4253	0	140	
1344888650098565122	2923356223	3754	1008	0	125	
1344888662669012992	2780718148	3831	11922	0	140	
1344888662656487424	223596388	5217	61166	2	128	
1344888683636383744	1245539753342242816	1813	12487	0	59	
1344888692024999941	1928813258	4186	10920	0	62	
1344888692020629512	2401308596	4017	10777	0	88	
1344888696227602439	1305505733920911365	1648	10580	0	139	
1344888696231710720	1249067174100000768	1803	12059	0	76	
1344888700426018816	1253226273456840713	1792	5957	0	88	
1344888704603746307	479974729	4796	2568	0	82	
1344888704628756480	927710384	4518	13740	0	61	
1344888704616202240	1121778511935492096	2155	3696	0	59	
1344888721397542912	870296033116340224	2849	841	0	114	
1344888733993033729	1297411303296733185	1670	10064	0	139	
1344888742360788992	1101718025630302209	2210	20720	1	90	
1344888750745251841	1025385976233959426	2421	34878	0	68	
1344888750749462530	852315252280532992	2898	66172	0	102	
1344888750745128960	1282673392945172480	1711	36422	0	135	
1344888759146467330	336263077	4996	316904	0	59	
1344888759150665730	1238471680302944257	1833	12620	1	140	
1344888767526490113	1201755525441970176	1934	99474	0	76	
1344888771733409792	1110377585567907842	2186	4545	0	125	
1344888771746144256	2851097423	3794	8361	0	32	
1344888784328900613	15554853	6084	145	0	63	
1344888796886695939	783473570424893440	3088	14128	0	102	
1344888805262848002	243439964	5166	1948	0	24	
1344888809469652994	3314448448	3572	23728	0	65	
1344888817870802950	1214067862299541505	1900	7976	2	140	
1344888822065074177	3476285952	3482	51473	0	140	
1344888822077612038	1344637297308749830	1540	7	0	140	
1344888830432739328	990074502842216448	2518	6696	2	128	
1344888830432829440	733897014438682624	3225	6052	0	139	
1344888838825639936	375051073	4933	125712	0	91	
1344888864004042755	956261407053504512	2611	22196	0	92	
1344888863995486208	713167988233375745	3282	6030	1	140	
1344888864012288000	1198788098798149632	1942	550	0	140	
1344888868198182912	1334138123928780801	1569	1183	1	99	
1344888868214980610	2337532592	4055	29086	0	77	
1344888872379904000	1097041628785602561	2223	21987	0	140	
1344888876595253251	1303925996832268288	1652	5015	0	95	
1344888880789553153	1249067174100000768	1803	12061	0	140	
1344888897550102529	1164734025174573057	2036	5059	0	53	
1344888901731819520	982154087029399553	2540	29872	0	82	
1344888914344087552	2886462227	3772	878	0	43	
1344888914335580163	61386842	5712	10222	0	140	
1344888918529884165	949520203888476160	2630	10515	0	59	
1344888918508851200	820926332154494976	2985	2567	0	88	
1344888918546649090	3233305214	3579	598	1	140	
1344888931112919041	1115635003814174722	2172	60345	0	125	
1344888935324016641	1052413047669710848	2346	43067	0	76	
1344888935311319042	450970611	4828	242481	0	139	
1344888939480457222	1159059557924163584	2052	27013	0	92	
1344888943708278785	2676254651	3911	3310	0	92	
1344888964646395906	81668482	5638	12302	0	51	
1344888964654784513	1054401430990307328	2341	6163	0	67	
1344888968861478913	1121684014052458497	2155	79157	0	74	
1344888973072601089	1270515784578523136	1744	5440	0	140	
1344888973068439553	1111909092103086081	2182	51482	1	90	
1344888981448773633	1182878942409252864	1986	2800	0	51	
1344888981452779520	1132117303053750272	2126	29594	0	82	
1344888985622085635	1283931374517456896	1707	3684	0	42	
1344888989845745665	281187491	5090	41192	0	88	
1344888994023301126	1491318715	4303	14799	0	64	
1344889002411790336	2586999451	3921	12259	0	140	
1344889010796122116	566777639	4707	8615	1	90	
1344889015011577857	161788931	5375	33489	0	82	
1344889019193200640	110661046	5525	2307	3	140	
1344889031755264000	884129900617240578	2810	4692	0	139	
1344889035957927937	708448405962559489	3295	124741	0	139	
1344889040156336128	1040246042065657857	2380	12367	0	125	
1344889044342370305	35544704	5806	44143	0	76	
1344889048532451328	1523889631	4294	20819	0	46	
1344889061148925954	734090313288036352	3225	9664	0	51	
1344889073727635456	552391562	4724	5348	0	24	
1344889073731842048	500309003	4774	25556	0	46	
1344889073736036352	1329032484798033920	1583	2198	0	139	
1344889077913382912	1241217900179943424	1825	697	0	139	
1344889082086756352	864706398470365185	2864	114956	3	134	
1344889090508873728	1137709746721501184	2111	2824	0	125	
1344889094678007811	2175831854	4153	17618	0	86	
1344889094669627392	837401636712566785	2939	70747	0	64	
1344889103079403521	3025313046	3683	5017	0	51	
1344889107252613121	1250792526849536000	1799	3509	1	90	
1344889115674894337	1039851937	4466	2804	0	61	
1344889115645394944	261561811	5128	62111	0	76	
1344889124054999042	1117736943893135360	2166	48736	3	140	
1344889128253599745	2293461078	4081	2439	0	51	
1344889145005494272	1325686955263188992	1592	5436	0	88	
1344889145022324738	1284338866216824834	1706	4744	10	140	
1344889149212471296	867568178024652800	2856	331842	0	70	
1344889149208326144	32230036	5816	83155	0	84	
1344889149233328131	358625055	4961	316	10	140	
1344889153390055424	3130905451	3640	6690	0	63	
1344889153406730242	1011156797221101568	2460	1330	1	140	
1344889157609406468	1211086835285254144	1908	1724	0	76	
1344889170183868417	764004973969412097	3142	18981	0	82	
1344889170175479809	4731209658	3358	499435	0	139	
1344889186965282817	1310612480784134145	1634	4330	0	135	
1344889191138799616	1128072296080523267	2137	46569	0	67	
1344889195349872640	807422311	4577	75825	0	104	
1344889203729944578	883512167395336192	2812	5341	0	82	
1344889203725746176	981427588374716417	2542	2356	1	140	
1344889212110180358	1062175375982125057	2319	7763	0	91	
1344889212143734785	1261695168043868162	1769	85839	1	140	
1344889212118519809	1223600530380881920	1874	1435	1	90	
1344889212143771653	1050037431578161153	2353	3298	0	140	
1344889212147957762	1232432597059268608	1849	13710	0	125	
1344889220515713025	882310142745858048	2816	11815	0	51	
1344889220511399936	1201555116404330496	1935	28954	0	61	
1344889224714190848	1019467137998622720	2437	43757	0	85	
1344889228925181952	1075687075641323520	2282	4763	0	140	
1344889233085874183	968492287385780224	2578	7517	0	88	
1344889233094438912	249452591	5153	240010	0	84	
1344889237284343808	1544569250	4286	102703	0	80	
1344889237305364480	2324596776	4063	22308	0	91	
1344889241495547904	4262853737	3404	20568	0	46	
1344889245673136129	565798787	4708	18078	0	102	
1344889254074343427	929996334437978112	2684	11690	0	67	
1344889266640400384	22045022	5866	2015	0	63	
1344889275041636353	1268483379437211649	1750	728	0	83	
1344889275041517576	1290879032410570752	1688	18395	3	140	
1344889291835494400	726938499476164609	3244	31162	0	140	
1344889296008982530	17057792	5985	9419	0	24	
1344889296004796416	1325902359361433601	1591	13688	0	140	
1344889296034156544	1066426919523098624	2307	24558	0	139	
1344889296021561349	1452674802	4318	13590	0	104	
1344889300215877632	274982273	5103	8533	0	73	
1344889304401596418	975307906622029824	2559	8949	0	74	
1344889308583522304	895026058881380352	2780	3319	0	51	
1344889308595961859	1155556302535270400	2061	16512	0	117	
1344889308604366848	1145344417273798661	2090	53893	0	86	
1344889312798789632	2160258116	4161	7808	0	51	
1344889312798715909	1255888185055490048	1785	50258	0	82	
1344889325364756481	2351486138	4047	1117	0	137	
1344889337972985861	525676572	4752	68617	0	140	
1344889346365685760	1396353697	4340	776	0	139	
1344889350539001856	4801971776	3344	64333	5	130	
1344889354745995264	242520139	5168	1477	0	64	
1344889354754392064	709270236286078976	3293	26832	0	112	
1344889358910939136	1408324652	4336	9254	0	102	
1344889358948720640	2701094838	3883	123892	0	46	
1344889367303745538	2809342053	3818	13481	0	140	
1344889371531612160	695768824499539968	3330	3373	0	63	
1344889371531509762	108239214	5533	14510	0	139	
1344889384076627969	531205091	4748	19198	0	76	
1344889388271079426	945344556039659520	2642	25155	0	69	
1344889388304539648	1268377679780171784	1750	438	1	107	
1344889405069254657	202385192	5271	30430	0	46	
1344889409246736384	119179612	5496	6918	0	46	
1344889409280172032	437669705	4844	21246	0	102	
1344889413445140484	728440460251824128	3240	7774	0	137	
1344889421859086337	1123966082677727232	2149	50222	3	134	
1344889426044981255	731150184139235328	3233	31719	0	76	
1344889434416717827	1305570085277368321	1648	19776	0	140	
1344889434421030912	1067595791211085826	2304	18957	0	64	
1344889438615326720	843610781916839937	2922	314323	0	140	
1344889442822098946	2600032578	3914	138540	0	104	
1344889447008055298	1331877314028834816	1575	320	0	92	
1344889447012327424	1320923137538740224	1605	471	0	59	
1344889455392542720	1288947786306682881	1693	27569	0	67	
1344889455396626433	1282325889187868672	1712	7266	0	140	
1344889459574255617	944712963084242944	2643	2718	0	112	
1344889463781134336	1152072088724762624	2071	28743	0	104	
1344889463789350913	1145989610125660160	2088	18928	1	90	
1344889472173834240	261057000	5129	2180	1	127	
1344889476359680000	1317642215800229889	1614	19345	0	135	
1344889480574996483	1127060928	4434	14755	0	102	
1344889488972120064	22137303	5865	15562	0	139	
1344889493128699906	996957945937235969	2499	890	0	137	
1344889493145399297	767036917	4596	34285	0	42	
1344889493132873729	792187016301518850	3064	192465	0	139	
1344889514116980736	888565146997706752	2798	4944	0	69	
1344889518294401026	2175038022	4153	8255	0	84	
1344889518332239872	1199822787470413824	1939	17994	0	67	
1344889530894090240	25956360	5841	138060	0	104	
1344889539278626821	1190232397306122242	1966	26432	2	140	
1344889547671429120	1329068661705994240	1583	13651	0	84	
1344889551869906944	23196051	5857	103731	0	41	
1344889551853125633	1165103404206764032	2035	23930	0	139	
1344889556043137025	2889693600	3789	9705	0	59	
1344889560258363392	965136402001289216	2587	60145	1	90	
1344889564452638720	2384369214	4026	43641	0	140	
1344889572824645632	763877159693758465	3142	31982	0	76	
1344889572824674304	1266848521766010881	1754	2032	0	139	
1344889572820283393	1011505113523892224	2459	45333	0	95	
1344889572828852224	616705113	4652	60403	2	97	
1344889572824473601	789728588958306304	3071	14854	0	135	
1344889577014751234	419377283	4866	36000	0	139	
1344889581225738242	1118385201539899392	2164	24498	0	135	
1344889589610246144	1296458595157123073	1673	3077	0	140	
1344889593821356032	1212912783685115904	1903	86351	0	130	
1344889602197229568	1296728362031828998	1672	1616	0	59	
1344889610569191426	1071929273253093376	2292	5279	0	70	
1344889614775975942	378449983	4927	7317	0	76	
1344889631553196032	72929557	5670	7160	0	76	
1344889635768512512	955930203418701826	2612	11776	0	85	
1344889635747598336	2569852736	3930	11447	0	67	
1344889648347115520	1321972900530827264	1602	53	0	140	
1344889652545667072	808430429220913152	3019	5854	0	67	
1344889656723333120	1264027475559972865	1762	12085	0	139	
1344889656706359298	1271638798019911683	1741	10759	0	139	
1344889665095041024	809813972014641152	3016	44530	0	91	
1344889665099206657	1305912568469356545	1647	3290	0	117	
1344889669318627328	987187661294092288	2526	63197	0	65	
1344889681884770304	337004139	4995	35158	0	85	
1344889681901715458	792157423649775617	3064	4904	1	90	
1344889690265104384	1054488945659207680	2340	11659	0	140	
1344889694492962816	304844408	5048	3305	0	72	
1344889707059142657	827541813883965441	2967	125164	0	84	
1344889711236669440	954368777554223104	2617	43903	0	84	
1344889728034770944	2267601191	4089	3589	0	140	
1344889736406601732	1296297646492012545	1673	3661	1	99	
1344889753196347394	864962672340615168	2863	6519	0	70	
1344889753196347392	852335527034470401	2898	17463	0	140	
1344889769965154310	435720788	4846	10077	0	139	
1344889774155337735	723909367070756873	3253	13584	0	65	
1344889778358120450	317081758	5028	40121	3	140	
1344889782569062401	38623937	5795	5195	1	135	
1344889786742558721	726796098824736768	3245	20807	0	85	
1344889786734174208	2222560033	4128	49484	0	51	
1344889799350616065	1136756934906994691	2113	22100	0	140	
1344889807701504000	2293860404	4081	22102	0	77	
1344889807709888514	875786928079196161	2834	66057	0	140	
1344889820322136068	2186528931	4139	16352	0	62	
1344889824503881728	2624685454	3926	2739	0	63	
1344889824503685126	4312917740	3407	493	0	139	
1344889832900866049	707730938864635904	3297	18105	0	117	
1344889832888127488	1316675370934960128	1617	109	0	139	
1344889837086797826	742185591102525440	3202	6002	0	125	
1344889841280897024	1315523447296978944	1620	7223	0	137	
1344889841276710914	1321093994835857408	1605	1625	1	135	
1344889845475205121	1078750998	4451	2754	0	140	
1344889845471055872	572382647	4701	27876	0	76	
1344889849673760768	2365629218	4038	143673	0	125	
1344889862235668483	1615680973	4258	221	1	135	
1344889870632669184	1291137848184209409	1687	1045	0	139	
1344889874848092165	1343958075473092609	1542	347	0	140	
1344889879025438721	1977676872	4168	283	0	140	
1344889879029837826	1268182656644194304	1751	11901	1	135	
1344889883232358401	4011959773	3434	54507	3	140	
1344889895819517952	754216909420138496	3169	84321	0	88	
1344889900005347328	1336298820720705542	1563	1686	1	107	
1344889912592515075	1296290341834776576	1673	5010	1	99	
1344889916757577733	1420615711	4331	67977	0	68	
1344889920951824385	1194106542364200960	1955	4312	0	85	
1344889929336115201	1320969986748207106	1605	2799	3	134	
1344889946126102528	1217987596665618432	1889	3071	0	51	
1344889950312030208	2453884199	4005	25925	0	62	
1344889962890747904	4614296793	3371	8819	0	84	
1344889962903191553	117430181	5502	9014	3	140	
1344889962890723329	4064609061	3430	1433	0	140	
1344889962919936001	906178039830032384	2750	6425	0	104	
1344889967106002944	125364997	5477	9778	0	140	
1344889971283349505	81296132	5640	105839	0	144	
1344889975507185669	132645775	5454	5317	0	59	
1344889979676155905	863940234383429632	2866	900	1	135	
1344889996474544130	1290134645519134720	1690	102	0	87	
1344889996482732032	705333558131314688	3304	7266	0	95	
1344890021640351744	2597508530	3915	9225	0	25	
1344890021615185922	615725415	4653	9965	4	140	
1344890025838837762	138874889	5437	6382	0	82	
1344890034214690816	1333566060025376770	1570	908	0	26	
1344890038421573634	2264107343	4091	4463	0	102	
1344890046801993729	234803298	5187	2030	0	59	
1344890046801825795	95395022	5581	2959	0	91	
1344890046814404608	974146237560537090	2562	6858	0	76	
1344890050983563264	1247596151559221250	1808	5478	0	140	
1344890055169630209	1050265087225815040	2352	203168	1	73	
1344890059368095744	3524469801	3487	2220	0	59	
1344890084546334722	441197143	4839	384	0	61	
1344890084533956611	1236522424356782081	1838	2477	0	77	
1344890084554928129	4709314532	3363	19628	0	72	
1344890088723894278	1325436490231369729	1593	1145	0	63	
1344890088740839425	1635157651	4250	11149	0	80	
1344890092926640130	1301138841776996352	1660	10320	1	135	
1344890097125249026	1226937000365875200	1865	13569	2	140	
1344890101315342341	359752506	4959	19449	0	59	
1344890105501278208	978545694603665408	2550	16856	1	135	
1344890113898274817	1061841275010408448	2320	23086	0	104	
1344890113923321859	1328396683592556544	1585	5042	0	91	
1344890113923444736	1228769820348502016	1859	2468	0	28	
1344890118088212482	292408230	5070	3708	0	102	
1344890118084071425	1212279749860446210	1905	9937	0	95	
1344890122311933955	2965852495	3724	59383	0	139	
1344890122307653637	1153548840420515840	2067	10476	0	104	
1344890134869798919	2440824277	3994	230799	0	88	
1344890143249821696	1099871528475217920	2215	227	1	135	
1344890155841196038	1288696528467443712	1694	155	0	139	
1344890164233916417	1148079228694306817	2082	52942	0	140	
1344890168432447490	1156816618489389056	2058	1052	0	93	
1344890172618391555	1288496899058622464	1695	5328	0	144	
1344890185205469189	1267095367109107712	1754	2379	0	76	
1344890189391556609	33420413	5813	28603	0	42	
1344890193606811648	837768652644630528	2938	37030	0	87	
1344890193577345024	1233208711138512899	1847	50018	0	91	
1344890206172762114	1485202969	4306	522862	3	140	
1344890214574014464	723539308506800128	3254	11707	0	104	
1344890214557298688	865413059526901760	2862	118721	0	139	
1344890222962765824	1016994623863050242	2444	30638	0	59	
1344890235532967936	956948626739142656	2610	123124	1	90	
1344890243938398208	1310023030287085568	1635	460	0	52	
1344890269091594241	817473595630821376	2994	0	1	70	
1344890273290043394	1107812246	4441	546	0	102	
1344890277492756480	1291536162897633280	1686	689	0	86	
1344890294265790464	702706183828692992	3311	10988	0	68	
1344890319440064513	15469546	6090	14644	0	63	
1344890319419002880	977780597610364929	2552	128950	0	117	
1344890336208801792	848002879856066560	2910	10043	0	65	
1344890357171978240	1261300539842719747	1770	244	0	104	
1344890361366372353	48003882	5755	3150	1	69	
1344890365552291840	918151815509696512	2717	118266	0	72	
1344890369771786241	939928565029769216	2657	26760	0	140	
1344890373936582656	902398451849216000	2760	7241	0	144	
1344890378135220224	1553820607	4282	16546	0	85	
1344890382329507843	822089424565637121	2982	11743	0	102	
1344890382346317825	1181043874418089984	1991	54480	1	90	
1344890382354690048	109400580	5529	11658	1	135	
1344890386544799749	461569495	4816	727	0	63	
1344890386527842304	952085813432496129	2623	1992	0	61	
1344890394908057600	725268176720687104	3249	173	0	59	
1344890399135961088	2982731226	3718	4464	0	104	
1344890403309420544	2285947356	4086	12603	0	51	
1344890403300937729	524024947	4754	16504	0	125	
1344890403296829442	336938526	4995	77157	0	140	
1344890411718828032	1142320349201100800	2098	7164	0	81	
1344890420107513857	2765928909	3844	26410	0	51	
1344890436863848449	2775873210	3857	14211	0	87	
1344890441074761734	948945554721013762	2632	14181	0	84	
1344890441041391616	585186034	4687	10736	0	139	
1344890441070731265	1339365171853205504	1554	1220	0	139	
1344890445264900096	1344646375988895744	1540	352	0	140	
1344890462017003522	2907963403	3770	55523	0	68	
1344890466223812610	1310009632778145793	1635	5819	0	140	
1344890487199518723	1320239635826642945	1607	1076	0	84	
1344890495604989953	1725722732	4216	4206	0	65	
1344890503964340224	1344235274	4361	34522	0	76	
1344890503980961795	1291761814267547649	1686	1097	1	90	
1344890508183670784	1112643876131528704	2180	31330	0	139	
1344890520758194178	105371363	5542	2758	0	65	
1344890524939866114	1263089715130937344	1765	12639	0	68	
1344890524965117953	1134036467439640576	2121	6894	0	125	
1344890529125986304	1052751975354392576	2345	101447	1	90	
1344890533316059137	1107010082175361026	2195	60076	0	92	
1344890533353644032	761734195299225601	3148	302643	0	114	
1344890537539633152	1305885794897330176	1647	1648	1	90	
1344890541742280704	1070727373417369600	2296	125025	1	90	
1344890545923973121	1150329803565703169	2076	15674	0	102	
1344890554325245953	797801472008171520	3049	8298	0	65	
1344890562705387520	423248962	4861	116200	0	51	
1344890566874603520	1343770692202844160	1542	0	0	137	
1344890571068989442	158061572	5386	2068	0	43	
1344890571064688640	481776377	4794	55954	0	76	
1344890579457429505	2582073518	3924	12784	0	140	
1344890583656124418	94384984	5586	35288	0	140	
1344890587858821122	2567682768	3931	11101	0	102	
1344890596268277761	1208602796032843776	1915	6722	0	62	
1344890596268277760	66606496	5693	16782	1	90	
1344890604648607744	769001288	4595	7638	0	130	
1344890608851161089	1275301187798003712	1731	3296	0	86	
1344890608851193858	943004669814571008	2648	52215	0	59	
1344890613024645121	2502210610	3985	136935	0	140	
1344890621429878784	1459708195	4316	22534	0	65	
1344890625628413954	1574394907	4274	13125	0	77	
1344890629789163521	367721575	4946	18304	2	128	
1344890629784891399	980712876565397504	2544	13146	0	104	
1344890638173523968	792371007084302340	3064	29464	1	90	
1344890642405576705	877420749597937664	2829	1950	1	135	
1344890650756411392	957418894142062592	2608	15218	0	62	
1344890654955085824	265271369	5121	55894	0	63	
1344890654954987520	2636231636	3903	591	0	95	
1344890667558969344	1213260334791684096	1902	274	0	30	
1344890675922395136	728316764170248194	3240	76665	0	59	
1344890680129294338	1038721040149606401	2384	7882	0	125	
1344890680120729600	935411379091128320	2669	21086	0	114	
1344890688505143297	3191759498	3601	8344	0	139	
1344890688530501632	1193195307544256512	1958	12179	0	139	
1344890696897949696	38903374	5794	31465	0	139	
1344890709476839424	1221459273215025159	1880	3710	0	114	
1344890709514469382	1111218108390207489	2184	1649	0	140	
1344890722089103360	1051226355956822017	2349	2311	0	76	
1344890734672011264	941467788643676160	2652	1191	0	69	
1344890738866352129	1305163125231157256	1649	51413	0	144	
1344890743052247040	635080781	4632	100267	0	140	
1344890743035371521	760713767344861184	3151	18887	0	42	
1344890751436673024	191742524	5298	5958	0	137	
1344890751440732160	1169608066532200448	2023	1861	0	112	
1344890755618201600	1331620897858306049	1576	4980	2	91	
1344890768218083331	932813910515822592	2676	23481	0	67	
1344890772416385025	1105338247280943104	2200	135956	2	140	
1344890784974131200	899966851182022658	2767	1734	0	74	
1344890793379639296	1286147697481785344	1701	1312	0	78	
1344890793375326208	3310933296	3510	67849	0	64	
1344890793392103424	2386759388	4025	12248	2	128	
1344890801780875264	35643173	5806	5502	0	84	
1344890805962633216	843461282376437760	2923	11291	0	59	
1344890805983408134	1148752767785156608	2080	7617	1	99	
1344890826955005952	997870078208049153	2497	14117	1	107	
1344890826955091968	64365861	5701	6539	0	67	
1344890831128256512	949834675358322688	2629	13158	3	134	
1344890839500115969	1106008233963982848	2198	1602	0	140	
1344890839525277696	40633503	5786	2732	0	139	
1344890852120932352	1068913939	4455	67098	0	139	
1344890856306663428	1181817471918936064	1989	50369	0	139	
1344890860475981830	771734885132369921	3121	7644	1	33	
1344890864699666433	1264027782708936704	1762	176	0	92	
1344890868872798208	2449949612	3990	2764	0	125	
1344890868898136065	1311791885510414341	1630	4470	1	90	
1344890873058914304	86928649	5617	9623	0	140	
1344890877248999424	1321465005506703361	1604	1597	0	139	
1344890885662674947	3148655568	3631	167294	0	59	
1344890902427406336	1297678068	4378	273	0	27	
1344890902435811328	1096820817562927104	2224	52169	0	140	
1344890902444191744	812428408735039492	3008	101321	0	139	
1344890915010199553	2696107338	3885	41843	0	104	
1344890919208722432	1139239496396890114	2107	34808	0	139	
1344890927618277377	2614171729	3906	2700	0	84	
1344890948568764416	1296006099657568256	1674	84	0	82	
1344890948552073217	3029023869	3690	24922	0	61	
1344890948568940546	1239344346379542529	1830	87	0	114	
1344890952784121858	1335065651119939584	1566	5370	0	88	
1344890956965949440	61013133	5713	108886	0	140	
1344890961151754241	1307711058	4376	2851	0	104	
1344890965337591808	1677506131	4233	223	3	139	
1344890969552900096	1226704713145442305	1865	490	0	144	
1344890977933262848	364823152	4951	2278	0	92	
1344890977950052352	1079366646752514049	2272	28274	0	139	
1344890977941651458	1269043262016434176	1748	1205	0	102	
1344890982110736384	1094401728034848768	2230	5974	0	84	
1344890982114893824	1235853900076339201	1840	25258	0	95	
1344890986300751874	833131200688447488	2951	1079	0	85	
1344890994727276544	483426437	4792	40683	0	91	
1344890994702102529	1736597022	4212	15514	0	140	
1344891007276613633	1156975016300503045	2058	9297	0	59	
1344891011466715136	1852157364	4209	48385	0	64	
1344891011466670081	867897012041248768	2855	17623	0	69	
1344891015661056001	2929500826	3745	809	0	140	
1344891019855351813	810485898	4576	5769	0	70	
1344891019876311042	3303175422	3519	23585	0	85	
1344891024066420737	20823403	5878	2285	0	51	
1344891024049647616	4076445881	3429	85693	0	112	
1344891028264820737	999110330562179072	2493	39658	0	72	
1344891036665933831	103517700	5548	2403	0	76	
1344891040851845121	468019387	4809	50704	0	87	
1344891040839430145	1217574069660520448	1890	46557	0	84	
1344891045058727937	284315442	5084	3369	0	140	
1344891053422219264	1177986669443571712	2000	9654	0	88	
1344891053409710081	39706001	5790	5347	0	63	
1344891057625059329	1172587656032792576	2014	69	0	140	
1344891057604071430	750720084738445312	3179	54707	0	65	
1344891057624862720	524332748	4754	1207	0	65	
1344891057612447744	1147662004792025089	2083	20878	0	77	
1344891061823365128	867922703633731584	2855	620	1	90	
1344891070191001601	996212524746932224	2501	1142	0	24	
1344891074385473537	3495338183	3489	22353	0	84	
1344891074406305792	50913928	5746	2635	0	76	
1344891078579773441	361041177	4957	5866	0	59	
1344891082778136576	1208581081584156673	1915	10450	0	88	
1344891087001956357	333052996	5001	41245	0	42	
1344891086993428481	1099098651777998854	2217	5013	0	139	
1344891086976684039	1233018926046629888	1848	6204	0	68	
1344891095352827910	31210694	5818	53573	0	63	
1344891099559546882	1185822291222941696	1978	38331	0	95	
1344891103779180545	1276414277159661568	1728	267	0	27	
1344891107964932097	822441582	4570	7372	0	140	
1344891116362018817	2929272575	3745	144	4	139	
1344891124733931522	1955168562	4177	125841	0	104	
1344891128932392965	1189800435672072192	1967	1041	0	140	
1344891128944885766	913994151552679936	2728	17773	1	90	
1344891137299910657	28741291	5829	6995	0	85	
1344891137329307648	909062459297734657	2742	39234	1	121	
1344891141502754816	3331680281	3563	2276	0	29	
1344891149878628354	618618833	4650	4164	0	140	
1344891158267236352	1267398028127694848	1753	2735	1	99	
1344891162482642944	3960051754	3444	13548	0	139	
1344891162486861826	9144482	6383	12174	0	63	
1344891166676770816	1271719446189674496	1741	6370	0	91	
1344891170879655936	1344886877170626560	1539	0	0	92	
1344891170871250944	734954594	4612	9094	0	139	
1344891170854473728	1161591097082241024	2045	10560	0	80	
1344891179264077829	1026916904043257857	2416	182225	0	140	
1344891196037074945	1393183068	4341	100266	0	104	
1344891200222990337	3424423479	3505	8277	0	95	
1344891212797362176	1303339742902145024	1654	1062	1	90	
1344891217025359872	165461889	5366	30248	0	102	
1344891233777442821	333164753	5001	5843	0	70	
1344891246347571200	2762197844	3861	57934	1	90	
1344891258943242240	1078729420058345472	2273	8668	0	62	
1344891275737260035	864644076599209986	2864	4513	0	140	
1344891279935754245	1162613601846353920	2042	8561	0	49	
1344891284108951552	1115478986765656064	2172	145610	0	88	
1344891292493303809	222685969	5220	9100	0	74	
1344891292493504512	1620411331	4256	115478	0	67	
1344891300898721792	2983537766	3717	10309	0	117	
1344891309287485441	768130675824291840	3131	147568	0	139	
1344891309287477248	1125100148697255940	2146	17978	0	80	
1344891317671759872	389451127	4908	2369	0	70	
1344891321882996737	548146455	4729	2790	0	80	
1344891326068711424	972449900259459073	2567	23551	0	78	
